1 2 4
1 2 4 12 12 13 4 14 15 16 2 5 10 8 9 2 3 17
1
5 2 7
1 1 1
2 2 3 5 10 7 8 1 9 10 11 14 14 15
2 2 4 5
10 1 2 3 4 6 9 5 14 6 6 4 10 11 6 6 14
1 2 7 19 4 9 4 10 20 7 0 4 17 19 20 4 12 21
7 5 1 10 5 10 8 9 10 11
6 2 1 4 4 7 7 2 3 8
1 2 0 3 6
4 13 17 6 17 11 1 13 14 15 3 6 18 20 17 9 21
1 6 2 3 4 5 11 8 9 7 12
3 13 9 10 11 12 13 3 10 5 16 17 19 17 10 20
1 2 3 4 9 5 6 8 9 9 6 12 14 12 12 15 9 18 12 21 26 23 15 25 26 12 19 27
12 13 11 1 2 2 11 2 5 17 7 8 6 11 15 17 2 18 19 20 2 20 2 2 22
1 2 3 4 5 5 2 3 7 14 12 12 14 10 11 9 15
1 2 3 11 7 8 3 6 11 1 11 13 12 14
1 7 3 3 6 7 7 4 8 9 3 6 8 13 14 4 16 18 17 18 19 20 21 3 22
