1 3 4
1 2 4 12 12 13 7 14 15 16 10 5 10 8 9 10 3 17
1
5 2 7
1 2 1
1 2 3 5 10 7 8 4 9 10 11 14 14 15
2 2 4 5
10 1 2 3 4 6 6 5 10 9 12 12 10 11 12 6 14
1 2 7 10 4 9 4 10 4 11 13 4 17 19 20 4 12 21
7 10 1 10 5 10 8 9 10 11
5 2 1 4 4 4 7 2 3 8
1 2 3 5 6
4 5 5 5 7 7 12 13 15 15 14 6 17 20 17 9 21
1 6 2 3 4 5 11 8 9 7 12
3 14 9 6 6 12 13 10 10 15 16 17 19 17 14 20
1 2 3 4 6 5 6 8 8 9 10 12 14 12 12 15 16 18 18 21 26 23 24 25 26 12 19 27
12 13 4 1 2 2 11 2 5 9 7 8 6 14 15 17 2 18 19 20 2 20 2 2 22
1 2 3 4 5 5 2 3 7 14 12 12 14 10 11 9 15
1 2 3 11 7 8 3 6 7 10 11 13 12 14
1 3 3 3 6 7 7 4 8 9 3 6 12 13 14 11 16 18 17 18 19 20 21 3 22
